1 1 1 4
2 1 4 7
3 1 7 10
4 1 10 13
5 1 13 16
6 1 16 19
7 1 19 22
8 2 1 2
9 2 1 3
10 2 4 5
11 2 4 6
12 2 7 8
13 2 7 9
14 2 10 11
15 2 10 12
16 2 13 14
17 2 13 15
18 2 16 17
19 2 16 18
20 2 19 20
21 2 19 21
22 2 22 23
23 2 22 24
24 3 7 25
25 4 25 26
26 2 26 27
27 2 26 28
28 1 26 29
29 1 29 30
30 2 30 31
31 2 30 32
32 2 30 33
33 3 29 34
34 4 34 35
35 2 35 36
36 2 35 37
37 1 35 38
38 2 38 39
39 2 38 40
40 5 38 41
41 6 41 42
42 6 41 43
43 6 41 44
44 7 44 45
45 1 46 49
46 1 49 52
47 1 52 55
48 1 55 58
49 1 58 61
50 1 61 64
51 1 64 67
52 2 46 47
53 2 46 48
54 2 49 50
55 2 49 51
56 2 52 53
57 2 52 54
58 2 55 56
59 2 55 57
60 2 58 59
61 2 58 60
62 2 61 62
63 2 61 63
64 2 64 65
65 2 64 66
66 2 67 68
67 2 67 69
68 3 52 70
69 4 70 71
70 2 71 72
71 2 71 73
72 1 71 74
73 1 74 75
74 2 75 76
75 2 75 77
76 2 75 78
77 3 74 79
78 4 79 80
79 2 80 81
80 2 80 82
81 1 80 83
82 2 83 84
83 2 83 85
84 5 83 86
85 6 86 87
86 6 86 88
87 6 86 89
88 7 89 90
89 1 91 94
90 1 94 97
91 1 97 100
92 1 100 103
93 1 103 106
94 1 106 109
95 1 109 112
96 2 91 92
97 2 91 93
98 2 94 95
99 2 94 96
100 2 97 98
101 2 97 99
102 2 100 101
103 2 100 102
104 2 103 104
105 2 103 105
106 2 106 107
107 2 106 108
108 2 109 110
109 2 109 111
110 2 112 113
111 2 112 114
112 3 97 115
113 4 115 116
114 2 116 117
115 2 116 118
116 1 116 119
117 1 119 120
118 2 120 121
119 2 120 122
120 2 120 123
121 3 119 124
122 4 124 125
123 2 125 126
124 2 125 127
125 1 125 128
126 2 128 129
127 2 128 130
128 5 128 131
129 6 131 132
130 6 131 133
131 6 131 134
132 7 134 135
133 1 136 139
134 1 139 142
135 1 142 145
136 1 145 148
137 1 148 151
138 1 151 154
139 1 154 157
140 2 136 137
141 2 136 138
142 2 139 140
143 2 139 141
144 2 142 143
145 2 142 144
146 2 145 146
147 2 145 147
148 2 148 149
149 2 148 150
150 2 151 152
151 2 151 153
152 2 154 155
153 2 154 156
154 2 157 158
155 2 157 159
156 3 142 160
157 4 160 161
158 2 161 162
159 2 161 163
160 1 161 164
161 1 164 165
162 2 165 166
163 2 165 167
164 2 165 168
165 3 164 169
166 4 169 170
167 2 170 171
168 2 170 172
169 1 170 173
170 2 173 174
171 2 173 175
172 5 173 176
173 6 176 177
174 6 176 178
175 6 176 179
176 7 179 180
177 1 181 184
178 1 184 187
179 1 187 190
180 1 190 193
181 1 193 196
182 1 196 199
183 1 199 202
184 2 181 182
185 2 181 183
186 2 184 185
187 2 184 186
188 2 187 188
189 2 187 189
190 2 190 191
191 2 190 192
192 2 193 194
193 2 193 195
194 2 196 197
195 2 196 198
196 2 199 200
197 2 199 201
198 2 202 203
199 2 202 204
200 3 187 205
201 4 205 206
202 2 206 207
203 2 206 208
204 1 206 209
205 1 209 210
206 2 210 211
207 2 210 212
208 2 210 213
209 3 209 214
210 4 214 215
211 2 215 216
212 2 215 217
213 1 215 218
214 2 218 219
215 2 218 220
216 5 218 221
217 6 221 222
218 6 221 223
219 6 221 224
220 7 224 225
221 1 226 229
222 1 229 232
223 1 232 235
224 1 235 238
225 1 238 241
226 1 241 244
227 1 244 247
228 2 226 227
229 2 226 228
230 2 229 230
231 2 229 231
232 2 232 233
233 2 232 234
234 2 235 236
235 2 235 237
236 2 238 239
237 2 238 240
238 2 241 242
239 2 241 243
240 2 244 245
241 2 244 246
242 2 247 248
243 2 247 249
244 3 232 250
245 4 250 251
246 2 251 252
247 2 251 253
248 1 251 254
249 1 254 255
250 2 255 256
251 2 255 257
252 2 255 258
253 3 254 259
254 4 259 260
255 2 260 261
256 2 260 262
257 1 260 263
258 2 263 264
259 2 263 265
260 5 263 266
261 6 266 267
262 6 266 268
263 6 266 269
264 7 269 270
265 1 271 274
266 1 274 277
267 1 277 280
268 1 280 283
269 1 283 286
270 1 286 289
271 1 289 292
272 2 271 272
273 2 271 273
274 2 274 275
275 2 274 276
276 2 277 278
277 2 277 279
278 2 280 281
279 2 280 282
280 2 283 284
281 2 283 285
282 2 286 287
283 2 286 288
284 2 289 290
285 2 289 291
286 2 292 293
287 2 292 294
288 3 277 295
289 4 295 296
290 2 296 297
291 2 296 298
292 1 296 299
293 1 299 300
294 2 300 301
295 2 300 302
296 2 300 303
297 3 299 304
298 4 304 305
299 2 305 306
300 2 305 307
301 1 305 308
302 2 308 309
303 2 308 310
304 5 308 311
305 6 311 312
306 6 311 313
307 6 311 314
308 7 314 315
309 1 316 319
310 1 319 322
311 1 322 325
312 1 325 328
313 1 328 331
314 1 331 334
315 1 334 337
316 2 316 317
317 2 316 318
318 2 319 320
319 2 319 321
320 2 322 323
321 2 322 324
322 2 325 326
323 2 325 327
324 2 328 329
325 2 328 330
326 2 331 332
327 2 331 333
328 2 334 335
329 2 334 336
330 2 337 338
331 2 337 339
332 3 322 340
333 4 340 341
334 2 341 342
335 2 341 343
336 1 341 344
337 1 344 345
338 2 345 346
339 2 345 347
340 2 345 348
341 3 344 349
342 4 349 350
343 2 350 351
344 2 350 352
345 1 350 353
346 2 353 354
347 2 353 355
348 5 353 356
349 6 356 357
350 6 356 358
351 6 356 359
352 7 359 360
353 1 361 364
354 1 364 367
355 1 367 370
356 1 370 373
357 1 373 376
358 1 376 379
359 1 379 382
360 2 361 362
361 2 361 363
362 2 364 365
363 2 364 366
364 2 367 368
365 2 367 369
366 2 370 371
367 2 370 372
368 2 373 374
369 2 373 375
370 2 376 377
371 2 376 378
372 2 379 380
373 2 379 381
374 2 382 383
375 2 382 384
376 3 367 385
377 4 385 386
378 2 386 387
379 2 386 388
380 1 386 389
381 1 389 390
382 2 390 391
383 2 390 392
384 2 390 393
385 3 389 394
386 4 394 395
387 2 395 396
388 2 395 397
389 1 395 398
390 2 398 399
391 2 398 400
392 5 398 401
393 6 401 402
394 6 401 403
395 6 401 404
396 7 404 405
397 1 406 409
398 1 409 412
399 1 412 415
400 1 415 418
401 1 418 421
402 1 421 424
403 1 424 427
404 2 406 407
405 2 406 408
406 2 409 410
407 2 409 411
408 2 412 413
409 2 412 414
410 2 415 416
411 2 415 417
412 2 418 419
413 2 418 420
414 2 421 422
415 2 421 423
416 2 424 425
417 2 424 426
418 2 427 428
419 2 427 429
420 3 412 430
421 4 430 431
422 2 431 432
423 2 431 433
424 1 431 434
425 1 434 435
426 2 435 436
427 2 435 437
428 2 435 438
429 3 434 439
430 4 439 440
431 2 440 441
432 2 440 442
433 1 440 443
434 2 443 444
435 2 443 445
436 5 443 446
437 6 446 447
438 6 446 448
439 6 446 449
440 7 449 450
441 1 451 454
442 1 454 457
443 1 457 460
444 1 460 463
445 1 463 466
446 1 466 469
447 1 469 472
448 2 451 452
449 2 451 453
450 2 454 455
451 2 454 456
452 2 457 458
453 2 457 459
454 2 460 461
455 2 460 462
456 2 463 464
457 2 463 465
458 2 466 467
459 2 466 468
460 2 469 470
461 2 469 471
462 2 472 473
463 2 472 474
464 3 457 475
465 4 475 476
466 2 476 477
467 2 476 478
468 1 476 479
469 1 479 480
470 2 480 481
471 2 480 482
472 2 480 483
473 3 479 484
474 4 484 485
475 2 485 486
476 2 485 487
477 1 485 488
478 2 488 489
479 2 488 490
480 5 488 491
481 6 491 492
482 6 491 493
483 6 491 494
484 7 494 495
485 1 496 499
486 1 499 502
487 1 502 505
488 1 505 508
489 1 508 511
490 1 511 514
491 1 514 517
492 2 496 497
493 2 496 498
494 2 499 500
495 2 499 501
496 2 502 503
497 2 502 504
498 2 505 506
499 2 505 507
500 2 508 509
501 2 508 510
502 2 511 512
503 2 511 513
504 2 514 515
505 2 514 516
506 2 517 518
507 2 517 519
508 3 502 520
509 4 520 521
510 2 521 522
511 2 521 523
512 1 521 524
513 1 524 525
514 2 525 526
515 2 525 527
516 2 525 528
517 3 524 529
518 4 529 530
519 2 530 531
520 2 530 532
521 1 530 533
522 2 533 534
523 2 533 535
524 5 533 536
525 6 536 537
526 6 536 538
527 6 536 539
528 7 539 540
529 1 541 544
530 1 544 547
531 1 547 550
532 1 550 553
533 1 553 556
534 1 556 559
535 1 559 562
536 2 541 542
537 2 541 543
538 2 544 545
539 2 544 546
540 2 547 548
541 2 547 549
542 2 550 551
543 2 550 552
544 2 553 554
545 2 553 555
546 2 556 557
547 2 556 558
548 2 559 560
549 2 559 561
550 2 562 563
551 2 562 564
552 3 547 565
553 4 565 566
554 2 566 567
555 2 566 568
556 1 566 569
557 1 569 570
558 2 570 571
559 2 570 572
560 2 570 573
561 3 569 574
562 4 574 575
563 2 575 576
564 2 575 577
565 1 575 578
566 2 578 579
567 2 578 580
568 5 578 581
569 6 581 582
570 6 581 583
571 6 581 584
572 7 584 585
573 1 586 589
574 1 589 592
575 1 592 595
576 1 595 598
577 1 598 601
578 1 601 604
579 1 604 607
580 2 586 587
581 2 586 588
582 2 589 590
583 2 589 591
584 2 592 593
585 2 592 594
586 2 595 596
587 2 595 597
588 2 598 599
589 2 598 600
590 2 601 602
591 2 601 603
592 2 604 605
593 2 604 606
594 2 607 608
595 2 607 609
596 3 592 610
597 4 610 611
598 2 611 612
599 2 611 613
600 1 611 614
601 1 614 615
602 2 615 616
603 2 615 617
604 2 615 618
605 3 614 619
606 4 619 620
607 2 620 621
608 2 620 622
609 1 620 623
610 2 623 624
611 2 623 625
612 5 623 626
613 6 626 627
614 6 626 628
615 6 626 629
616 7 629 630
617 1 631 634
618 1 634 637
619 1 637 640
620 1 640 643
621 1 643 646
622 1 646 649
623 1 649 652
624 2 631 632
625 2 631 633
626 2 634 635
627 2 634 636
628 2 637 638
629 2 637 639
630 2 640 641
631 2 640 642
632 2 643 644
633 2 643 645
634 2 646 647
635 2 646 648
636 2 649 650
637 2 649 651
638 2 652 653
639 2 652 654
640 3 637 655
641 4 655 656
642 2 656 657
643 2 656 658
644 1 656 659
645 1 659 660
646 2 660 661
647 2 660 662
648 2 660 663
649 3 659 664
650 4 664 665
651 2 665 666
652 2 665 667
653 1 665 668
654 2 668 669
655 2 668 670
656 5 668 671
657 6 671 672
658 6 671 673
659 6 671 674
660 7 674 675
661 1 676 679
662 1 679 682
663 1 682 685
664 1 685 688
665 1 688 691
666 1 691 694
667 1 694 697
668 2 676 677
669 2 676 678
670 2 679 680
671 2 679 681
672 2 682 683
673 2 682 684
674 2 685 686
675 2 685 687
676 2 688 689
677 2 688 690
678 2 691 692
679 2 691 693
680 2 694 695
681 2 694 696
682 2 697 698
683 2 697 699
684 3 682 700
685 4 700 701
686 2 701 702
687 2 701 703
688 1 701 704
689 1 704 705
690 2 705 706
691 2 705 707
692 2 705 708
693 3 704 709
694 4 709 710
695 2 710 711
696 2 710 712
697 1 710 713
698 2 713 714
699 2 713 715
700 5 713 716
701 6 716 717
702 6 716 718
703 6 716 719
704 7 719 720
705 1 721 724
706 1 724 727
707 1 727 730
708 1 730 733
709 1 733 736
710 1 736 739
711 1 739 742
712 2 721 722
713 2 721 723
714 2 724 725
715 2 724 726
716 2 727 728
717 2 727 729
718 2 730 731
719 2 730 732
720 2 733 734
721 2 733 735
722 2 736 737
723 2 736 738
724 2 739 740
725 2 739 741
726 2 742 743
727 2 742 744
728 3 727 745
729 4 745 746
730 2 746 747
731 2 746 748
732 1 746 749
733 1 749 750
734 2 750 751
735 2 750 752
736 2 750 753
737 3 749 754
738 4 754 755
739 2 755 756
740 2 755 757
741 1 755 758
742 2 758 759
743 2 758 760
744 5 758 761
745 6 761 762
746 6 761 763
747 6 761 764
748 7 764 765
749 1 766 769
750 1 769 772
751 1 772 775
752 1 775 778
753 1 778 781
754 1 781 784
755 1 784 787
756 2 766 767
757 2 766 768
758 2 769 770
759 2 769 771
760 2 772 773
761 2 772 774
762 2 775 776
763 2 775 777
764 2 778 779
765 2 778 780
766 2 781 782
767 2 781 783
768 2 784 785
769 2 784 786
770 2 787 788
771 2 787 789
772 3 772 790
773 4 790 791
774 2 791 792
775 2 791 793
776 1 791 794
777 1 794 795
778 2 795 796
779 2 795 797
780 2 795 798
781 3 794 799
782 4 799 800
783 2 800 801
784 2 800 802
785 1 800 803
786 2 803 804
787 2 803 805
788 5 803 806
789 6 806 807
790 6 806 808
791 6 806 809
792 7 809 810
793 1 811 814
794 1 814 817
795 1 817 820
796 1 820 823
797 1 823 826
798 1 826 829
799 1 829 832
800 2 811 812
801 2 811 813
802 2 814 815
803 2 814 816
804 2 817 818
805 2 817 819
806 2 820 821
807 2 820 822
808 2 823 824
809 2 823 825
810 2 826 827
811 2 826 828
812 2 829 830
813 2 829 831
814 2 832 833
815 2 832 834
816 3 817 835
817 4 835 836
818 2 836 837
819 2 836 838
820 1 836 839
821 1 839 840
822 2 840 841
823 2 840 842
824 2 840 843
825 3 839 844
826 4 844 845
827 2 845 846
828 2 845 847
829 1 845 848
830 2 848 849
831 2 848 850
832 5 848 851
833 6 851 852
834 6 851 853
835 6 851 854
836 7 854 855
837 1 856 859
838 1 859 862
839 1 862 865
840 1 865 868
841 1 868 871
842 1 871 874
843 1 874 877
844 2 856 857
845 2 856 858
846 2 859 860
847 2 859 861
848 2 862 863
849 2 862 864
850 2 865 866
851 2 865 867
852 2 868 869
853 2 868 870
854 2 871 872
855 2 871 873
856 2 874 875
857 2 874 876
858 2 877 878
859 2 877 879
860 3 862 880
861 4 880 881
862 2 881 882
863 2 881 883
864 1 881 884
865 1 884 885
866 2 885 886
867 2 885 887
868 2 885 888
869 3 884 889
870 4 889 890
871 2 890 891
872 2 890 892
873 1 890 893
874 2 893 894
875 2 893 895
876 5 893 896
877 6 896 897
878 6 896 898
879 6 896 899
880 7 899 900
881 8 901 902
882 8 901 903
883 8 904 905
884 8 904 906
885 8 907 908
886 8 907 909
887 8 910 911
888 8 910 912
889 8 913 914
890 8 913 915
891 8 916 917
892 8 916 918
893 8 919 920
894 8 919 921
895 8 922 923
896 8 922 924
897 8 925 926
898 8 925 927
899 8 928 929
900 8 928 930
901 8 931 932
902 8 931 933
903 8 934 935
904 8 934 936
905 8 937 938
906 8 937 939
907 8 940 941
908 8 940 942
909 8 943 944
910 8 943 945
911 8 946 947
912 8 946 948
913 8 949 950
914 8 949 951
915 8 952 953
916 8 952 954
917 8 955 956
918 8 955 957
919 8 958 959
920 8 958 960
921 8 961 962
922 8 961 963
923 8 964 965
924 8 964 966
925 8 967 968
926 8 967 969
927 8 970 971
928 8 970 972
929 8 973 974
930 8 973 975
931 8 976 977
932 8 976 978
933 8 979 980
934 8 979 981
935 8 982 983
936 8 982 984
937 8 985 986
938 8 985 987
939 8 988 989
940 8 988 990
941 8 991 992
942 8 991 993
943 8 994 995
944 8 994 996
945 8 997 998
946 8 997 999
947 8 1000 1001
948 8 1000 1002
949 8 1003 1004
950 8 1003 1005
951 8 1006 1007
952 8 1006 1008
953 8 1009 1010
954 8 1009 1011
955 8 1012 1013
956 8 1012 1014
957 8 1015 1016
958 8 1015 1017
959 8 1018 1019
960 8 1018 1020
961 8 1021 1022
962 8 1021 1023
963 8 1024 1025
964 8 1024 1026
965 8 1027 1028
966 8 1027 1029
967 8 1030 1031
968 8 1030 1032
969 8 1033 1034
970 8 1033 1035
971 8 1036 1037
972 8 1036 1038
973 8 1039 1040
974 8 1039 1041
975 8 1042 1043
976 8 1042 1044
977 8 1045 1046
978 8 1045 1047
979 8 1048 1049
980 8 1048 1050
981 8 1051 1052
982 8 1051 1053
983 8 1054 1055
984 8 1054 1056
985 8 1057 1058
986 8 1057 1059
987 8 1060 1061
988 8 1060 1062
989 8 1063 1064
990 8 1063 1065
991 8 1066 1067
992 8 1066 1068
993 8 1069 1070
994 8 1069 1071
995 8 1072 1073
996 8 1072 1074
997 8 1075 1076
998 8 1075 1077
999 8 1078 1079
1000 8 1078 1080
1001 8 1081 1082
1002 8 1081 1083
1003 8 1084 1085
1004 8 1084 1086
1005 8 1087 1088
1006 8 1087 1089
1007 8 1090 1091
1008 8 1090 1092
1009 8 1093 1094
1010 8 1093 1095
1011 8 1096 1097
1012 8 1096 1098
1013 8 1099 1100
1014 8 1099 1101
1015 8 1102 1103
1016 8 1102 1104
1017 8 1105 1106
1018 8 1105 1107
1019 8 1108 1109
1020 8 1108 1110
1021 8 1111 1112
1022 8 1111 1113
1023 8 1114 1115
1024 8 1114 1116
1025 8 1117 1118
1026 8 1117 1119
1027 8 1120 1121
1028 8 1120 1122
1029 8 1123 1124
1030 8 1123 1125
1031 8 1126 1127
1032 8 1126 1128
1033 8 1129 1130
1034 8 1129 1131
1035 8 1132 1133
1036 8 1132 1134
1037 8 1135 1136
1038 8 1135 1137
1039 8 1138 1139
1040 8 1138 1140
1041 8 1141 1142
1042 8 1141 1143
1043 8 1144 1145
1044 8 1144 1146
1045 8 1147 1148
1046 8 1147 1149
1047 8 1150 1151
1048 8 1150 1152
1049 8 1153 1154
1050 8 1153 1155
1051 8 1156 1157
1052 8 1156 1158
1053 8 1159 1160
1054 8 1159 1161
1055 8 1162 1163
1056 8 1162 1164
1057 8 1165 1166
1058 8 1165 1167
1059 8 1168 1169
1060 8 1168 1170
1061 8 1171 1172
1062 8 1171 1173
1063 8 1174 1175
1064 8 1174 1176
1065 8 1177 1178
1066 8 1177 1179
1067 8 1180 1181
1068 8 1180 1182
1069 8 1183 1184
1070 8 1183 1185
1071 8 1186 1187
1072 8 1186 1188
1073 8 1189 1190
1074 8 1189 1191
1075 8 1192 1193
1076 8 1192 1194
1077 8 1195 1196
1078 8 1195 1197
1079 8 1198 1199
1080 8 1198 1200
1081 8 1201 1202
1082 8 1201 1203
1083 8 1204 1205
1084 8 1204 1206
1085 8 1207 1208
1086 8 1207 1209
1087 8 1210 1211
1088 8 1210 1212
1089 8 1213 1214
1090 8 1213 1215
1091 8 1216 1217
1092 8 1216 1218
1093 8 1219 1220
1094 8 1219 1221
1095 8 1222 1223
1096 8 1222 1224
1097 8 1225 1226
1098 8 1225 1227
1099 8 1228 1229
1100 8 1228 1230
1101 8 1231 1232
1102 8 1231 1233
1103 8 1234 1235
1104 8 1234 1236
1105 8 1237 1238
1106 8 1237 1239
1107 8 1240 1241
1108 8 1240 1242
1109 8 1243 1244
1110 8 1243 1245
1111 8 1246 1247
1112 8 1246 1248
1113 8 1249 1250
1114 8 1249 1251
1115 8 1252 1253
1116 8 1252 1254
1117 8 1255 1256
1118 8 1255 1257
1119 8 1258 1259
1120 8 1258 1260
1121 8 1261 1262
1122 8 1261 1263
1123 8 1264 1265
1124 8 1264 1266
1125 8 1267 1268
1126 8 1267 1269
1127 8 1270 1271
1128 8 1270 1272
1129 8 1273 1274
1130 8 1273 1275
1131 8 1276 1277
1132 8 1276 1278
1133 8 1279 1280
1134 8 1279 1281
1135 8 1282 1283
1136 8 1282 1284
1137 8 1285 1286
1138 8 1285 1287
1139 8 1288 1289
1140 8 1288 1290
1141 8 1291 1292
1142 8 1291 1293
1143 8 1294 1295
1144 8 1294 1296
1145 8 1297 1298
1146 8 1297 1299
1147 8 1300 1301
1148 8 1300 1302
1149 8 1303 1304
1150 8 1303 1305
1151 8 1306 1307
1152 8 1306 1308
1153 8 1309 1310
1154 8 1309 1311
1155 8 1312 1313
1156 8 1312 1314
1157 8 1315 1316
1158 8 1315 1317
1159 8 1318 1319
1160 8 1318 1320
1161 8 1321 1322
1162 8 1321 1323
1163 8 1324 1325
1164 8 1324 1326
1165 8 1327 1328
1166 8 1327 1329
1167 8 1330 1331
1168 8 1330 1332
1169 8 1333 1334
1170 8 1333 1335
1171 8 1336 1337
1172 8 1336 1338
1173 8 1339 1340
1174 8 1339 1341
1175 8 1342 1343
1176 8 1342 1344
1177 8 1345 1346
1178 8 1345 1347
1179 8 1348 1349
1180 8 1348 1350
1181 8 1351 1352
1182 8 1351 1353
1183 8 1354 1355
1184 8 1354 1356
1185 8 1357 1358
1186 8 1357 1359
1187 8 1360 1361
1188 8 1360 1362
1189 8 1363 1364
1190 8 1363 1365
1191 8 1366 1367
1192 8 1366 1368
1193 8 1369 1370
1194 8 1369 1371
1195 8 1372 1373
1196 8 1372 1374
1197 8 1375 1376
1198 8 1375 1377
1199 8 1378 1379
1200 8 1378 1380
1201 8 1381 1382
1202 8 1381 1383
1203 8 1384 1385
1204 8 1384 1386
1205 8 1387 1388
1206 8 1387 1389
1207 8 1390 1391
1208 8 1390 1392
1209 8 1393 1394
1210 8 1393 1395
1211 8 1396 1397
1212 8 1396 1398
1213 8 1399 1400
1214 8 1399 1401
1215 8 1402 1403
1216 8 1402 1404
1217 8 1405 1406
1218 8 1405 1407
1219 8 1408 1409
1220 8 1408 1410
1221 8 1411 1412
1222 8 1411 1413
1223 8 1414 1415
1224 8 1414 1416
1225 8 1417 1418
1226 8 1417 1419
1227 8 1420 1421
1228 8 1420 1422
1229 8 1423 1424
1230 8 1423 1425
1231 8 1426 1427
1232 8 1426 1428
1233 8 1429 1430
1234 8 1429 1431
1235 8 1432 1433
1236 8 1432 1434
1237 8 1435 1436
1238 8 1435 1437
1239 8 1438 1439
1240 8 1438 1440
1241 8 1441 1442
1242 8 1441 1443
1243 8 1444 1445
1244 8 1444 1446
1245 8 1447 1448
1246 8 1447 1449
1247 8 1450 1451
1248 8 1450 1452
1249 8 1453 1454
1250 8 1453 1455
1251 8 1456 1457
1252 8 1456 1458
1253 8 1459 1460
1254 8 1459 1461
1255 8 1462 1463
1256 8 1462 1464
1257 8 1465 1466
1258 8 1465 1467
1259 8 1468 1469
1260 8 1468 1470
1261 8 1471 1472
1262 8 1471 1473
1263 8 1474 1475
1264 8 1474 1476
1265 8 1477 1478
1266 8 1477 1479
1267 8 1480 1481
1268 8 1480 1482
1269 8 1483 1484
1270 8 1483 1485
1271 8 1486 1487
1272 8 1486 1488
1273 8 1489 1490
1274 8 1489 1491
1275 8 1492 1493
1276 8 1492 1494
1277 8 1495 1496
1278 8 1495 1497
1279 8 1498 1499
1280 8 1498 1500
1281 8 1501 1502
1282 8 1501 1503
1283 8 1504 1505
1284 8 1504 1506
1285 8 1507 1508
1286 8 1507 1509
1287 8 1510 1511
1288 8 1510 1512
1289 8 1513 1514
1290 8 1513 1515
1291 8 1516 1517
1292 8 1516 1518
1293 8 1519 1520
1294 8 1519 1521
1295 8 1522 1523
1296 8 1522 1524
1297 8 1525 1526
1298 8 1525 1527
1299 8 1528 1529
1300 8 1528 1530
1301 8 1531 1532
1302 8 1531 1533
1303 8 1534 1535
1304 8 1534 1536
1305 8 1537 1538
1306 8 1537 1539
1307 8 1540 1541
1308 8 1540 1542
1309 8 1543 1544
1310 8 1543 1545
1311 8 1546 1547
1312 8 1546 1548
1313 8 1549 1550
1314 8 1549 1551
1315 8 1552 1553
1316 8 1552 1554
1317 8 1555 1556
1318 8 1555 1557
1319 8 1558 1559
1320 8 1558 1560
1321 8 1561 1562
1322 8 1561 1563
1323 8 1564 1565
1324 8 1564 1566
1325 8 1567 1568
1326 8 1567 1569
1327 8 1570 1571
1328 8 1570 1572
1329 8 1573 1574
1330 8 1573 1575
1331 8 1576 1577
1332 8 1576 1578
1333 8 1579 1580
1334 8 1579 1581
1335 8 1582 1583
1336 8 1582 1584
1337 8 1585 1586
1338 8 1585 1587
1339 8 1588 1589
1340 8 1588 1590
1341 8 1591 1592
1342 8 1591 1593
1343 8 1594 1595
1344 8 1594 1596
1345 8 1597 1598
1346 8 1597 1599
1347 8 1600 1601
1348 8 1600 1602
1349 8 1603 1604
1350 8 1603 1605
1351 8 1606 1607
1352 8 1606 1608
1353 8 1609 1610
1354 8 1609 1611
1355 8 1612 1613
1356 8 1612 1614
1357 8 1615 1616
1358 8 1615 1617
1359 8 1618 1619
1360 8 1618 1620
1361 8 1621 1622
1362 8 1621 1623
1363 8 1624 1625
1364 8 1624 1626
1365 8 1627 1628
1366 8 1627 1629
1367 8 1630 1631
1368 8 1630 1632
1369 8 1633 1634
1370 8 1633 1635
1371 8 1636 1637
1372 8 1636 1638
1373 8 1639 1640
1374 8 1639 1641
1375 8 1642 1643
1376 8 1642 1644
1377 8 1645 1646
1378 8 1645 1647
1379 8 1648 1649
1380 8 1648 1650
1381 8 1651 1652
1382 8 1651 1653
1383 8 1654 1655
1384 8 1654 1656
1385 8 1657 1658
1386 8 1657 1659
1387 8 1660 1661
1388 8 1660 1662
1389 8 1663 1664
1390 8 1663 1665
1391 8 1666 1667
1392 8 1666 1668
1393 8 1669 1670
1394 8 1669 1671
1395 8 1672 1673
1396 8 1672 1674
1397 8 1675 1676
1398 8 1675 1677
1399 8 1678 1679
1400 8 1678 1680
1401 8 1681 1682
1402 8 1681 1683
1403 8 1684 1685
1404 8 1684 1686
1405 8 1687 1688
1406 8 1687 1689
1407 8 1690 1691
1408 8 1690 1692
1409 8 1693 1694
1410 8 1693 1695
1411 8 1696 1697
1412 8 1696 1698
1413 8 1699 1700
1414 8 1699 1701
1415 8 1702 1703
1416 8 1702 1704
1417 8 1705 1706
1418 8 1705 1707
1419 8 1708 1709
1420 8 1708 1710
1421 8 1711 1712
1422 8 1711 1713
1423 8 1714 1715
1424 8 1714 1716
1425 8 1717 1718
1426 8 1717 1719
1427 8 1720 1721
1428 8 1720 1722
1429 8 1723 1724
1430 8 1723 1725
1431 8 1726 1727
1432 8 1726 1728
1433 8 1729 1730
1434 8 1729 1731
1435 8 1732 1733
1436 8 1732 1734
1437 8 1735 1736
1438 8 1735 1737
1439 8 1738 1739
1440 8 1738 1740
1441 8 1741 1742
1442 8 1741 1743
1443 8 1744 1745
1444 8 1744 1746
1445 8 1747 1748
1446 8 1747 1749
1447 8 1750 1751
1448 8 1750 1752
1449 8 1753 1754
1450 8 1753 1755
1451 8 1756 1757
1452 8 1756 1758
1453 8 1759 1760
1454 8 1759 1761
1455 8 1762 1763
1456 8 1762 1764
1457 8 1765 1766
1458 8 1765 1767
1459 8 1768 1769
1460 8 1768 1770
1461 8 1771 1772
1462 8 1771 1773
1463 8 1774 1775
1464 8 1774 1776
1465 8 1777 1778
1466 8 1777 1779
1467 8 1780 1781
1468 8 1780 1782
1469 8 1783 1784
1470 8 1783 1785
1471 8 1786 1787
1472 8 1786 1788
1473 8 1789 1790
1474 8 1789 1791
1475 8 1792 1793
1476 8 1792 1794
1477 8 1795 1796
1478 8 1795 1797
1479 8 1798 1799
1480 8 1798 1800
1481 8 1801 1802
1482 8 1801 1803
1483 8 1804 1805
1484 8 1804 1806
1485 8 1807 1808
1486 8 1807 1809
1487 8 1810 1811
1488 8 1810 1812
1489 8 1813 1814
1490 8 1813 1815
1491 8 1816 1817
1492 8 1816 1818
1493 8 1819 1820
1494 8 1819 1821
1495 8 1822 1823
1496 8 1822 1824
1497 8 1825 1826
1498 8 1825 1827
1499 8 1828 1829
1500 8 1828 1830
1501 8 1831 1832
1502 8 1831 1833
1503 8 1834 1835
1504 8 1834 1836
1505 8 1837 1838
1506 8 1837 1839
1507 8 1840 1841
1508 8 1840 1842
1509 8 1843 1844
1510 8 1843 1845
1511 8 1846 1847
1512 8 1846 1848
1513 8 1849 1850
1514 8 1849 1851
1515 8 1852 1853
1516 8 1852 1854
1517 8 1855 1856
1518 8 1855 1857
1519 8 1858 1859
1520 8 1858 1860
1521 8 1861 1862
1522 8 1861 1863
1523 8 1864 1865
1524 8 1864 1866
1525 8 1867 1868
1526 8 1867 1869
1527 8 1870 1871
1528 8 1870 1872
1529 8 1873 1874
1530 8 1873 1875
1531 8 1876 1877
1532 8 1876 1878
1533 8 1879 1880
1534 8 1879 1881
1535 8 1882 1883
1536 8 1882 1884
1537 8 1885 1886
1538 8 1885 1887
1539 8 1888 1889
1540 8 1888 1890
1541 8 1891 1892
1542 8 1891 1893
1543 8 1894 1895
1544 8 1894 1896
1545 8 1897 1898
1546 8 1897 1899
1547 8 1900 1901
1548 8 1900 1902
1549 8 1903 1904
1550 8 1903 1905
1551 8 1906 1907
1552 8 1906 1908
1553 8 1909 1910
1554 8 1909 1911
1555 8 1912 1913
1556 8 1912 1914
1557 8 1915 1916
1558 8 1915 1917
1559 8 1918 1919
1560 8 1918 1920
1561 8 1921 1922
1562 8 1921 1923
1563 8 1924 1925
1564 8 1924 1926
1565 8 1927 1928
1566 8 1927 1929
1567 8 1930 1931
1568 8 1930 1932
1569 8 1933 1934
1570 8 1933 1935
1571 8 1936 1937
1572 8 1936 1938
1573 8 1939 1940
1574 8 1939 1941
1575 8 1942 1943
1576 8 1942 1944
1577 8 1945 1946
1578 8 1945 1947
1579 8 1948 1949
1580 8 1948 1950
1581 8 1951 1952
1582 8 1951 1953
1583 8 1954 1955
1584 8 1954 1956
1585 8 1957 1958
1586 8 1957 1959
1587 8 1960 1961
1588 8 1960 1962
1589 8 1963 1964
1590 8 1963 1965
1591 8 1966 1967
1592 8 1966 1968
1593 8 1969 1970
1594 8 1969 1971
1595 8 1972 1973
1596 8 1972 1974
1597 8 1975 1976
1598 8 1975 1977
1599 8 1978 1979
1600 8 1978 1980
1601 8 1981 1982
1602 8 1981 1983
1603 8 1984 1985
1604 8 1984 1986
1605 8 1987 1988
1606 8 1987 1989
1607 8 1990 1991
1608 8 1990 1992
1609 8 1993 1994
1610 8 1993 1995
1611 8 1996 1997
1612 8 1996 1998
1613 8 1999 2000
1614 8 1999 2001
1615 8 2002 2003
1616 8 2002 2004
1617 8 2005 2006
1618 8 2005 2007
1619 8 2008 2009
1620 8 2008 2010
1621 8 2011 2012
1622 8 2011 2013
1623 8 2014 2015
1624 8 2014 2016
1625 8 2017 2018
1626 8 2017 2019
1627 8 2020 2021
1628 8 2020 2022
1629 8 2023 2024
1630 8 2023 2025
1631 8 2026 2027
1632 8 2026 2028
1633 8 2029 2030
1634 8 2029 2031
1635 8 2032 2033
1636 8 2032 2034
1637 8 2035 2036
1638 8 2035 2037
1639 8 2038 2039
1640 8 2038 2040
1641 8 2041 2042
1642 8 2041 2043
1643 8 2044 2045
1644 8 2044 2046
1645 8 2047 2048
1646 8 2047 2049
1647 8 2050 2051
1648 8 2050 2052
1649 8 2053 2054
1650 8 2053 2055
1651 8 2056 2057
1652 8 2056 2058
1653 8 2059 2060
1654 8 2059 2061
1655 8 2062 2063
1656 8 2062 2064
1657 8 2065 2066
1658 8 2065 2067
1659 8 2068 2069
1660 8 2068 2070
1661 8 2071 2072
1662 8 2071 2073
1663 8 2074 2075
1664 8 2074 2076
1665 8 2077 2078
1666 8 2077 2079
1667 8 2080 2081
1668 8 2080 2082
1669 8 2083 2084
1670 8 2083 2085
1671 8 2086 2087
1672 8 2086 2088
1673 8 2089 2090
1674 8 2089 2091
1675 8 2092 2093
1676 8 2092 2094
1677 8 2095 2096
1678 8 2095 2097
1679 8 2098 2099
1680 8 2098 2100
1681 8 2101 2102
1682 8 2101 2103
1683 8 2104 2105
1684 8 2104 2106
1685 8 2107 2108
1686 8 2107 2109
1687 8 2110 2111
1688 8 2110 2112
1689 8 2113 2114
1690 8 2113 2115
1691 8 2116 2117
1692 8 2116 2118
1693 8 2119 2120
1694 8 2119 2121
1695 8 2122 2123
1696 8 2122 2124
1697 8 2125 2126
1698 8 2125 2127
1699 8 2128 2129
1700 8 2128 2130
1701 8 2131 2132
1702 8 2131 2133
1703 8 2134 2135
1704 8 2134 2136
1705 8 2137 2138
1706 8 2137 2139
1707 8 2140 2141
1708 8 2140 2142
1709 8 2143 2144
1710 8 2143 2145
1711 8 2146 2147
1712 8 2146 2148
1713 8 2149 2150
1714 8 2149 2151
1715 8 2152 2153
1716 8 2152 2154
1717 8 2155 2156
1718 8 2155 2157
1719 8 2158 2159
1720 8 2158 2160
1721 8 2161 2162
1722 8 2161 2163
1723 8 2164 2165
1724 8 2164 2166
1725 8 2167 2168
1726 8 2167 2169
1727 8 2170 2171
1728 8 2170 2172
1729 8 2173 2174
1730 8 2173 2175
1731 8 2176 2177
1732 8 2176 2178
1733 8 2179 2180
1734 8 2179 2181
1735 8 2182 2183
1736 8 2182 2184
1737 8 2185 2186
1738 8 2185 2187
1739 8 2188 2189
1740 8 2188 2190
1741 8 2191 2192
1742 8 2191 2193
1743 8 2194 2195
1744 8 2194 2196
1745 8 2197 2198
1746 8 2197 2199
1747 8 2200 2201
1748 8 2200 2202
1749 8 2203 2204
1750 8 2203 2205
1751 8 2206 2207
1752 8 2206 2208
1753 8 2209 2210
1754 8 2209 2211
1755 8 2212 2213
1756 8 2212 2214
1757 8 2215 2216
1758 8 2215 2217
1759 8 2218 2219
1760 8 2218 2220
1761 8 2221 2222
1762 8 2221 2223
1763 8 2224 2225
1764 8 2224 2226
1765 8 2227 2228
1766 8 2227 2229
1767 8 2230 2231
1768 8 2230 2232
1769 8 2233 2234
1770 8 2233 2235
1771 8 2236 2237
1772 8 2236 2238
1773 8 2239 2240
1774 8 2239 2241
1775 8 2242 2243
1776 8 2242 2244
1777 8 2245 2246
1778 8 2245 2247
1779 8 2248 2249
1780 8 2248 2250
1781 8 2251 2252
1782 8 2251 2253
1783 8 2254 2255
1784 8 2254 2256
1785 8 2257 2258
1786 8 2257 2259
1787 8 2260 2261
1788 8 2260 2262
1789 8 2263 2264
1790 8 2263 2265
1791 8 2266 2267
1792 8 2266 2268
1793 8 2269 2270
1794 8 2269 2271
1795 8 2272 2273
1796 8 2272 2274
1797 8 2275 2276
1798 8 2275 2277
1799 8 2278 2279
1800 8 2278 2280
1801 8 2281 2282
1802 8 2281 2283
1803 8 2284 2285
1804 8 2284 2286
1805 8 2287 2288
1806 8 2287 2289
1807 8 2290 2291
1808 8 2290 2292
1809 8 2293 2294
1810 8 2293 2295
1811 8 2296 2297
1812 8 2296 2298
1813 8 2299 2300
1814 8 2299 2301
1815 8 2302 2303
1816 8 2302 2304
1817 8 2305 2306
1818 8 2305 2307
1819 8 2308 2309
1820 8 2308 2310
1821 8 2311 2312
1822 8 2311 2313
1823 8 2314 2315
1824 8 2314 2316
1825 8 2317 2318
1826 8 2317 2319
1827 8 2320 2321
1828 8 2320 2322
1829 8 2323 2324
1830 8 2323 2325
1831 8 2326 2327
1832 8 2326 2328
1833 8 2329 2330
1834 8 2329 2331
1835 8 2332 2333
1836 8 2332 2334
1837 8 2335 2336
1838 8 2335 2337
1839 8 2338 2339
1840 8 2338 2340
1841 8 2341 2342
1842 8 2341 2343
1843 8 2344 2345
1844 8 2344 2346
1845 8 2347 2348
1846 8 2347 2349
1847 8 2350 2351
1848 8 2350 2352
1849 8 2353 2354
1850 8 2353 2355
1851 8 2356 2357
1852 8 2356 2358
1853 8 2359 2360
1854 8 2359 2361
1855 8 2362 2363
1856 8 2362 2364
1857 8 2365 2366
1858 8 2365 2367
1859 8 2368 2369
1860 8 2368 2370
1861 8 2371 2372
1862 8 2371 2373
1863 8 2374 2375
1864 8 2374 2376
1865 8 2377 2378
1866 8 2377 2379
1867 8 2380 2381
1868 8 2380 2382
1869 8 2383 2384
1870 8 2383 2385
1871 8 2386 2387
1872 8 2386 2388
1873 8 2389 2390
1874 8 2389 2391
1875 8 2392 2393
1876 8 2392 2394
1877 8 2395 2396
1878 8 2395 2397
1879 8 2398 2399
1880 8 2398 2400
1881 8 2401 2402
1882 8 2401 2403
1883 8 2404 2405
1884 8 2404 2406
1885 8 2407 2408
1886 8 2407 2409
1887 8 2410 2411
1888 8 2410 2412
1889 8 2413 2414
1890 8 2413 2415
1891 8 2416 2417
1892 8 2416 2418
1893 8 2419 2420
1894 8 2419 2421
1895 8 2422 2423
1896 8 2422 2424
1897 8 2425 2426
1898 8 2425 2427
1899 8 2428 2429
1900 8 2428 2430
1901 8 2431 2432
1902 8 2431 2433
1903 8 2434 2435
1904 8 2434 2436
1905 8 2437 2438
1906 8 2437 2439
1907 8 2440 2441
1908 8 2440 2442
1909 8 2443 2444
1910 8 2443 2445
1911 8 2446 2447
1912 8 2446 2448
1913 8 2449 2450
1914 8 2449 2451
1915 8 2452 2453
1916 8 2452 2454
1917 8 2455 2456
1918 8 2455 2457
1919 8 2458 2459
1920 8 2458 2460
1921 8 2461 2462
1922 8 2461 2463
1923 8 2464 2465
1924 8 2464 2466
1925 8 2467 2468
1926 8 2467 2469
1927 8 2470 2471
1928 8 2470 2472
1929 8 2473 2474
1930 8 2473 2475
1931 8 2476 2477
1932 8 2476 2478
1933 8 2479 2480
1934 8 2479 2481
1935 8 2482 2483
1936 8 2482 2484
1937 8 2485 2486
1938 8 2485 2487
1939 8 2488 2489
1940 8 2488 2490
1941 8 2491 2492
1942 8 2491 2493
1943 8 2494 2495
1944 8 2494 2496
1945 8 2497 2498
1946 8 2497 2499
1947 8 2500 2501
1948 8 2500 2502
1949 8 2503 2504
1950 8 2503 2505
1951 8 2506 2507
1952 8 2506 2508
1953 8 2509 2510
1954 8 2509 2511
1955 8 2512 2513
1956 8 2512 2514
1957 8 2515 2516
1958 8 2515 2517
1959 8 2518 2519
1960 8 2518 2520
1961 8 2521 2522
1962 8 2521 2523
1963 8 2524 2525
1964 8 2524 2526
1965 8 2527 2528
1966 8 2527 2529
1967 8 2530 2531
1968 8 2530 2532
1969 8 2533 2534
1970 8 2533 2535
1971 8 2536 2537
1972 8 2536 2538
1973 8 2539 2540
1974 8 2539 2541
1975 8 2542 2543
1976 8 2542 2544
1977 8 2545 2546
1978 8 2545 2547
1979 8 2548 2549
1980 8 2548 2550
1981 8 2551 2552
1982 8 2551 2553
1983 8 2554 2555
1984 8 2554 2556
1985 8 2557 2558
1986 8 2557 2559
1987 8 2560 2561
1988 8 2560 2562
1989 8 2563 2564
1990 8 2563 2565
1991 8 2566 2567
1992 8 2566 2568
1993 8 2569 2570
1994 8 2569 2571
1995 8 2572 2573
1996 8 2572 2574
1997 8 2575 2576
1998 8 2575 2577
1999 8 2578 2579
2000 8 2578 2580
2001 8 2581 2582
2002 8 2581 2583
2003 8 2584 2585
2004 8 2584 2586
2005 8 2587 2588
2006 8 2587 2589
2007 8 2590 2591
2008 8 2590 2592
2009 8 2593 2594
2010 8 2593 2595
2011 8 2596 2597
2012 8 2596 2598
2013 8 2599 2600
2014 8 2599 2601
2015 8 2602 2603
2016 8 2602 2604
2017 8 2605 2606
2018 8 2605 2607
2019 8 2608 2609
2020 8 2608 2610
2021 8 2611 2612
2022 8 2611 2613
2023 8 2614 2615
2024 8 2614 2616
2025 8 2617 2618
2026 8 2617 2619
2027 8 2620 2621
2028 8 2620 2622
2029 8 2623 2624
2030 8 2623 2625
2031 8 2626 2627
2032 8 2626 2628
2033 8 2629 2630
2034 8 2629 2631
2035 8 2632 2633
2036 8 2632 2634
2037 8 2635 2636
2038 8 2635 2637
2039 8 2638 2639
2040 8 2638 2640
2041 8 2641 2642
2042 8 2641 2643
2043 8 2644 2645
2044 8 2644 2646
2045 8 2647 2648
2046 8 2647 2649
2047 8 2650 2651
2048 8 2650 2652
2049 8 2653 2654
2050 8 2653 2655
2051 8 2656 2657
2052 8 2656 2658
2053 8 2659 2660
2054 8 2659 2661
2055 8 2662 2663
2056 8 2662 2664
2057 8 2665 2666
2058 8 2665 2667
2059 8 2668 2669
2060 8 2668 2670
2061 8 2671 2672
2062 8 2671 2673
2063 8 2674 2675
2064 8 2674 2676
2065 8 2677 2678
2066 8 2677 2679
2067 8 2680 2681
2068 8 2680 2682
2069 8 2683 2684
2070 8 2683 2685
2071 8 2686 2687
2072 8 2686 2688
2073 8 2689 2690
2074 8 2689 2691
2075 8 2692 2693
2076 8 2692 2694
2077 8 2695 2696
2078 8 2695 2697
2079 8 2698 2699
2080 8 2698 2700
2081 8 2701 2702
2082 8 2701 2703
2083 8 2704 2705
2084 8 2704 2706
2085 8 2707 2708
2086 8 2707 2709
2087 8 2710 2711
2088 8 2710 2712
2089 8 2713 2714
2090 8 2713 2715
2091 8 2716 2717
2092 8 2716 2718
2093 8 2719 2720
2094 8 2719 2721
2095 8 2722 2723
2096 8 2722 2724
2097 8 2725 2726
2098 8 2725 2727
2099 8 2728 2729
2100 8 2728 2730
2101 8 2731 2732
2102 8 2731 2733
2103 8 2734 2735
2104 8 2734 2736
2105 8 2737 2738
2106 8 2737 2739
2107 8 2740 2741
2108 8 2740 2742
2109 8 2743 2744
2110 8 2743 2745
2111 8 2746 2747
2112 8 2746 2748
2113 8 2749 2750
2114 8 2749 2751
2115 8 2752 2753
2116 8 2752 2754
2117 8 2755 2756
2118 8 2755 2757
2119 8 2758 2759
2120 8 2758 2760
2121 8 2761 2762
2122 8 2761 2763
2123 8 2764 2765
2124 8 2764 2766
2125 8 2767 2768
2126 8 2767 2769
2127 8 2770 2771
2128 8 2770 2772
2129 8 2773 2774
2130 8 2773 2775
2131 8 2776 2777
2132 8 2776 2778
2133 8 2779 2780
2134 8 2779 2781
2135 8 2782 2783
2136 8 2782 2784
2137 8 2785 2786
2138 8 2785 2787
2139 8 2788 2789
2140 8 2788 2790
2141 8 2791 2792
2142 8 2791 2793
2143 8 2794 2795
2144 8 2794 2796
2145 8 2797 2798
2146 8 2797 2799
2147 8 2800 2801
2148 8 2800 2802
2149 8 2803 2804
2150 8 2803 2805
2151 8 2806 2807
2152 8 2806 2808
2153 8 2809 2810
2154 8 2809 2811
2155 8 2812 2813
2156 8 2812 2814
2157 8 2815 2816
2158 8 2815 2817
2159 8 2818 2819
2160 8 2818 2820
2161 8 2821 2822
2162 8 2821 2823
2163 8 2824 2825
2164 8 2824 2826
2165 8 2827 2828
2166 8 2827 2829
2167 8 2830 2831
2168 8 2830 2832
2169 8 2833 2834
2170 8 2833 2835
2171 8 2836 2837
2172 8 2836 2838
2173 8 2839 2840
2174 8 2839 2841
2175 8 2842 2843
2176 8 2842 2844
2177 8 2845 2846
2178 8 2845 2847
2179 8 2848 2849
2180 8 2848 2850
2181 8 2851 2852
2182 8 2851 2853
2183 8 2854 2855
2184 8 2854 2856
2185 8 2857 2858
2186 8 2857 2859
2187 8 2860 2861
2188 8 2860 2862
2189 8 2863 2864
2190 8 2863 2865
2191 8 2866 2867
2192 8 2866 2868
2193 8 2869 2870
2194 8 2869 2871
2195 8 2872 2873
2196 8 2872 2874
2197 8 2875 2876
2198 8 2875 2877
2199 8 2878 2879
2200 8 2878 2880
2201 8 2881 2882
2202 8 2881 2883
2203 8 2884 2885
2204 8 2884 2886
2205 8 2887 2888
2206 8 2887 2889
2207 8 2890 2891
2208 8 2890 2892
2209 8 2893 2894
2210 8 2893 2895
2211 8 2896 2897
2212 8 2896 2898
2213 8 2899 2900
2214 8 2899 2901
2215 8 2902 2903
2216 8 2902 2904
2217 8 2905 2906
2218 8 2905 2907
2219 8 2908 2909
2220 8 2908 2910
2221 8 2911 2912
2222 8 2911 2913
2223 8 2914 2915
2224 8 2914 2916
2225 8 2917 2918
2226 8 2917 2919
2227 8 2920 2921
2228 8 2920 2922
2229 8 2923 2924
2230 8 2923 2925
2231 8 2926 2927
2232 8 2926 2928
2233 8 2929 2930
2234 8 2929 2931
2235 8 2932 2933
2236 8 2932 2934
2237 8 2935 2936
2238 8 2935 2937
2239 8 2938 2939
2240 8 2938 2940
2241 8 2941 2942
2242 8 2941 2943
2243 8 2944 2945
2244 8 2944 2946
2245 8 2947 2948
2246 8 2947 2949
2247 8 2950 2951
2248 8 2950 2952
2249 8 2953 2954
2250 8 2953 2955
2251 8 2956 2957
2252 8 2956 2958
2253 8 2959 2960
2254 8 2959 2961
2255 8 2962 2963
2256 8 2962 2964
2257 8 2965 2966
2258 8 2965 2967
2259 8 2968 2969
2260 8 2968 2970
2261 8 2971 2972
2262 8 2971 2973
2263 8 2974 2975
2264 8 2974 2976
2265 8 2977 2978
2266 8 2977 2979
2267 8 2980 2981
2268 8 2980 2982
2269 8 2983 2984
2270 8 2983 2985
2271 8 2986 2987
2272 8 2986 2988
2273 8 2989 2990
2274 8 2989 2991
2275 8 2992 2993
2276 8 2992 2994
2277 8 2995 2996
2278 8 2995 2997
2279 8 2998 2999
2280 8 2998 3000
2281 8 3001 3002
2282 8 3001 3003
2283 8 3004 3005
2284 8 3004 3006
2285 8 3007 3008
2286 8 3007 3009
2287 8 3010 3011
2288 8 3010 3012
2289 8 3013 3014
2290 8 3013 3015
2291 8 3016 3017
2292 8 3016 3018
2293 8 3019 3020
2294 8 3019 3021
2295 8 3022 3023
2296 8 3022 3024
2297 8 3025 3026
2298 8 3025 3027
2299 8 3028 3029
2300 8 3028 3030
2301 8 3031 3032
2302 8 3031 3033
2303 8 3034 3035
2304 8 3034 3036
2305 8 3037 3038
2306 8 3037 3039
2307 8 3040 3041
2308 8 3040 3042
2309 8 3043 3044
2310 8 3043 3045
2311 8 3046 3047
2312 8 3046 3048
2313 8 3049 3050
2314 8 3049 3051
2315 8 3052 3053
2316 8 3052 3054
2317 8 3055 3056
2318 8 3055 3057
2319 8 3058 3059
2320 8 3058 3060
2321 8 3061 3062
2322 8 3061 3063
2323 8 3064 3065
2324 8 3064 3066
2325 8 3067 3068
2326 8 3067 3069
2327 8 3070 3071
2328 8 3070 3072
2329 8 3073 3074
2330 8 3073 3075
2331 8 3076 3077
2332 8 3076 3078
2333 8 3079 3080
2334 8 3079 3081
2335 8 3082 3083
2336 8 3082 3084
2337 8 3085 3086
2338 8 3085 3087
2339 8 3088 3089
2340 8 3088 3090
2341 8 3091 3092
2342 8 3091 3093
2343 8 3094 3095
2344 8 3094 3096
2345 8 3097 3098
2346 8 3097 3099
2347 8 3100 3101
2348 8 3100 3102
2349 8 3103 3104
2350 8 3103 3105
2351 8 3106 3107
2352 8 3106 3108
2353 8 3109 3110
2354 8 3109 3111
2355 8 3112 3113
2356 8 3112 3114
2357 8 3115 3116
2358 8 3115 3117
2359 8 3118 3119
2360 8 3118 3120
2361 8 3121 3122
2362 8 3121 3123
2363 8 3124 3125
2364 8 3124 3126
2365 8 3127 3128
2366 8 3127 3129
2367 8 3130 3131
2368 8 3130 3132
2369 8 3133 3134
2370 8 3133 3135
2371 8 3136 3137
2372 8 3136 3138
2373 8 3139 3140
2374 8 3139 3141
2375 8 3142 3143
2376 8 3142 3144
2377 8 3145 3146
2378 8 3145 3147
2379 8 3148 3149
2380 8 3148 3150
2381 8 3151 3152
2382 8 3151 3153
2383 8 3154 3155
2384 8 3154 3156
2385 8 3157 3158
2386 8 3157 3159
2387 8 3160 3161
2388 8 3160 3162
2389 8 3163 3164
2390 8 3163 3165
2391 8 3166 3167
2392 8 3166 3168
2393 8 3169 3170
2394 8 3169 3171
2395 8 3172 3173
2396 8 3172 3174
2397 8 3175 3176
2398 8 3175 3177
2399 8 3178 3179
2400 8 3178 3180
2401 8 3181 3182
2402 8 3181 3183
2403 8 3184 3185
2404 8 3184 3186
2405 8 3187 3188
2406 8 3187 3189
2407 8 3190 3191
2408 8 3190 3192
2409 8 3193 3194
2410 8 3193 3195
2411 8 3196 3197
2412 8 3196 3198
2413 8 3199 3200
2414 8 3199 3201
2415 8 3202 3203
2416 8 3202 3204
2417 8 3205 3206
2418 8 3205 3207
2419 8 3208 3209
2420 8 3208 3210
2421 8 3211 3212
2422 8 3211 3213
2423 8 3214 3215
2424 8 3214 3216
2425 8 3217 3218
2426 8 3217 3219
2427 8 3220 3221
2428 8 3220 3222
2429 8 3223 3224
2430 8 3223 3225
2431 8 3226 3227
2432 8 3226 3228
2433 8 3229 3230
2434 8 3229 3231
2435 8 3232 3233
2436 8 3232 3234
2437 8 3235 3236
2438 8 3235 3237
2439 8 3238 3239
2440 8 3238 3240
2441 8 3241 3242
2442 8 3241 3243
2443 8 3244 3245
2444 8 3244 3246
2445 8 3247 3248
2446 8 3247 3249
2447 8 3250 3251
2448 8 3250 3252
2449 8 3253 3254
2450 8 3253 3255
2451 8 3256 3257
2452 8 3256 3258
2453 8 3259 3260
2454 8 3259 3261
2455 8 3262 3263
2456 8 3262 3264
2457 8 3265 3266
2458 8 3265 3267
2459 8 3268 3269
2460 8 3268 3270
2461 8 3271 3272
2462 8 3271 3273
2463 8 3274 3275
2464 8 3274 3276
2465 8 3277 3278
2466 8 3277 3279
2467 8 3280 3281
2468 8 3280 3282
2469 8 3283 3284
2470 8 3283 3285
2471 8 3286 3287
2472 8 3286 3288
2473 8 3289 3290
2474 8 3289 3291
2475 8 3292 3293
2476 8 3292 3294
2477 8 3295 3296
2478 8 3295 3297
2479 8 3298 3299
2480 8 3298 3300
2481 8 3301 3302
2482 8 3301 3303
2483 8 3304 3305
2484 8 3304 3306
2485 8 3307 3308
2486 8 3307 3309
2487 8 3310 3311
2488 8 3310 3312
2489 8 3313 3314
2490 8 3313 3315
2491 8 3316 3317
2492 8 3316 3318
2493 8 3319 3320
2494 8 3319 3321
2495 8 3322 3323
2496 8 3322 3324
2497 8 3325 3326
2498 8 3325 3327
2499 8 3328 3329
2500 8 3328 3330
2501 8 3331 3332
2502 8 3331 3333
2503 8 3334 3335
2504 8 3334 3336
2505 8 3337 3338
2506 8 3337 3339
2507 8 3340 3341
2508 8 3340 3342
2509 8 3343 3344
2510 8 3343 3345
2511 8 3346 3347
2512 8 3346 3348
2513 8 3349 3350
2514 8 3349 3351
2515 8 3352 3353
2516 8 3352 3354
2517 8 3355 3356
2518 8 3355 3357
2519 8 3358 3359
2520 8 3358 3360
2521 8 3361 3362
2522 8 3361 3363
2523 8 3364 3365
2524 8 3364 3366
2525 8 3367 3368
2526 8 3367 3369
2527 8 3370 3371
2528 8 3370 3372
2529 8 3373 3374
2530 8 3373 3375
2531 8 3376 3377
2532 8 3376 3378
2533 8 3379 3380
2534 8 3379 3381
2535 8 3382 3383
2536 8 3382 3384
2537 8 3385 3386
2538 8 3385 3387
2539 8 3388 3389
2540 8 3388 3390
2541 8 3391 3392
2542 8 3391 3393
2543 8 3394 3395
2544 8 3394 3396
2545 8 3397 3398
2546 8 3397 3399
2547 8 3400 3401
2548 8 3400 3402
2549 8 3403 3404
2550 8 3403 3405
2551 8 3406 3407
2552 8 3406 3408
2553 8 3409 3410
2554 8 3409 3411
2555 8 3412 3413
2556 8 3412 3414
2557 8 3415 3416
2558 8 3415 3417
2559 8 3418 3419
2560 8 3418 3420
2561 8 3421 3422
2562 8 3421 3423
2563 8 3424 3425
2564 8 3424 3426
2565 8 3427 3428
2566 8 3427 3429
2567 8 3430 3431
2568 8 3430 3432
2569 8 3433 3434
2570 8 3433 3435
2571 8 3436 3437
2572 8 3436 3438
2573 8 3439 3440
2574 8 3439 3441
2575 8 3442 3443
2576 8 3442 3444
2577 8 3445 3446
2578 8 3445 3447
2579 8 3448 3449
2580 8 3448 3450
2581 8 3451 3452
2582 8 3451 3453
2583 8 3454 3455
2584 8 3454 3456
2585 8 3457 3458
2586 8 3457 3459
2587 8 3460 3461
2588 8 3460 3462
2589 8 3463 3464
2590 8 3463 3465
2591 8 3466 3467
2592 8 3466 3468
2593 8 3469 3470
2594 8 3469 3471
2595 8 3472 3473
2596 8 3472 3474
2597 8 3475 3476
2598 8 3475 3477
2599 8 3478 3479
2600 8 3478 3480
2601 8 3481 3482
2602 8 3481 3483
2603 8 3484 3485
2604 8 3484 3486
2605 8 3487 3488
2606 8 3487 3489
2607 8 3490 3491
2608 8 3490 3492
2609 8 3493 3494
2610 8 3493 3495
2611 8 3496 3497
2612 8 3496 3498
2613 8 3499 3500
2614 8 3499 3501
2615 8 3502 3503
2616 8 3502 3504
2617 8 3505 3506
2618 8 3505 3507
2619 8 3508 3509
2620 8 3508 3510
2621 8 3511 3512
2622 8 3511 3513
2623 8 3514 3515
2624 8 3514 3516
2625 8 3517 3518
2626 8 3517 3519
2627 8 3520 3521
2628 8 3520 3522
2629 8 3523 3524
2630 8 3523 3525
2631 8 3526 3527
2632 8 3526 3528
2633 8 3529 3530
2634 8 3529 3531
2635 8 3532 3533
2636 8 3532 3534
2637 8 3535 3536
2638 8 3535 3537
2639 8 3538 3539
2640 8 3538 3540
2641 8 3541 3542
2642 8 3541 3543
2643 8 3544 3545
2644 8 3544 3546
2645 8 3547 3548
2646 8 3547 3549
2647 8 3550 3551
2648 8 3550 3552
2649 8 3553 3554
2650 8 3553 3555
2651 8 3556 3557
2652 8 3556 3558
2653 8 3559 3560
2654 8 3559 3561
2655 8 3562 3563
2656 8 3562 3564
2657 8 3565 3566
2658 8 3565 3567
2659 8 3568 3569
2660 8 3568 3570
2661 8 3571 3572
2662 8 3571 3573
2663 8 3574 3575
2664 8 3574 3576
2665 8 3577 3578
2666 8 3577 3579
2667 8 3580 3581
2668 8 3580 3582
2669 8 3583 3584
2670 8 3583 3585
2671 8 3586 3587
2672 8 3586 3588
2673 8 3589 3590
2674 8 3589 3591
2675 8 3592 3593
2676 8 3592 3594
2677 8 3595 3596
2678 8 3595 3597
2679 8 3598 3599
2680 8 3598 3600
2681 8 3601 3602
2682 8 3601 3603
2683 8 3604 3605
2684 8 3604 3606
2685 8 3607 3608
2686 8 3607 3609
2687 8 3610 3611
2688 8 3610 3612
2689 8 3613 3614
2690 8 3613 3615
2691 8 3616 3617
2692 8 3616 3618
2693 8 3619 3620
2694 8 3619 3621
2695 8 3622 3623
2696 8 3622 3624
2697 8 3625 3626
2698 8 3625 3627
2699 8 3628 3629
2700 8 3628 3630
2701 8 3631 3632
2702 8 3631 3633
2703 8 3634 3635
2704 8 3634 3636
2705 8 3637 3638
2706 8 3637 3639
2707 8 3640 3641
2708 8 3640 3642
2709 8 3643 3644
2710 8 3643 3645
2711 8 3646 3647
2712 8 3646 3648
2713 8 3649 3650
2714 8 3649 3651
2715 8 3652 3653
2716 8 3652 3654
2717 8 3655 3656
2718 8 3655 3657
2719 8 3658 3659
2720 8 3658 3660
2721 8 3661 3662
2722 8 3661 3663
2723 8 3664 3665
2724 8 3664 3666
2725 8 3667 3668
2726 8 3667 3669
2727 8 3670 3671
2728 8 3670 3672
2729 8 3673 3674
2730 8 3673 3675
2731 8 3676 3677
2732 8 3676 3678
2733 8 3679 3680
2734 8 3679 3681
2735 8 3682 3683
2736 8 3682 3684
2737 8 3685 3686
2738 8 3685 3687
2739 8 3688 3689
2740 8 3688 3690
2741 8 3691 3692
2742 8 3691 3693
2743 8 3694 3695
2744 8 3694 3696
2745 8 3697 3698
2746 8 3697 3699
2747 8 3700 3701
2748 8 3700 3702
2749 8 3703 3704
2750 8 3703 3705
2751 8 3706 3707
2752 8 3706 3708
2753 8 3709 3710
2754 8 3709 3711
2755 8 3712 3713
2756 8 3712 3714
2757 8 3715 3716
2758 8 3715 3717
2759 8 3718 3719
2760 8 3718 3720
2761 8 3721 3722
2762 8 3721 3723
2763 8 3724 3725
2764 8 3724 3726
2765 8 3727 3728
2766 8 3727 3729
2767 8 3730 3731
2768 8 3730 3732
2769 8 3733 3734
2770 8 3733 3735
2771 8 3736 3737
2772 8 3736 3738
2773 8 3739 3740
2774 8 3739 3741
2775 8 3742 3743
2776 8 3742 3744
2777 8 3745 3746
2778 8 3745 3747
2779 8 3748 3749
2780 8 3748 3750
2781 8 3751 3752
2782 8 3751 3753
2783 8 3754 3755
2784 8 3754 3756
2785 8 3757 3758
2786 8 3757 3759
2787 8 3760 3761
2788 8 3760 3762
2789 8 3763 3764
2790 8 3763 3765
2791 8 3766 3767
2792 8 3766 3768
2793 8 3769 3770
2794 8 3769 3771
2795 8 3772 3773
2796 8 3772 3774
2797 8 3775 3776
2798 8 3775 3777
2799 8 3778 3779
2800 8 3778 3780
2801 8 3781 3782
2802 8 3781 3783
2803 8 3784 3785
2804 8 3784 3786
2805 8 3787 3788
2806 8 3787 3789
2807 8 3790 3791
2808 8 3790 3792
2809 8 3793 3794
2810 8 3793 3795
2811 8 3796 3797
2812 8 3796 3798
2813 8 3799 3800
2814 8 3799 3801
2815 8 3802 3803
2816 8 3802 3804
2817 8 3805 3806
2818 8 3805 3807
2819 8 3808 3809
2820 8 3808 3810
2821 8 3811 3812
2822 8 3811 3813
2823 8 3814 3815
2824 8 3814 3816
2825 8 3817 3818
2826 8 3817 3819
2827 8 3820 3821
2828 8 3820 3822
2829 8 3823 3824
2830 8 3823 3825
2831 8 3826 3827
2832 8 3826 3828
2833 8 3829 3830
2834 8 3829 3831
2835 8 3832 3833
2836 8 3832 3834
2837 8 3835 3836
2838 8 3835 3837
2839 8 3838 3839
2840 8 3838 3840
2841 8 3841 3842
2842 8 3841 3843
2843 8 3844 3845
2844 8 3844 3846
2845 8 3847 3848
2846 8 3847 3849
2847 8 3850 3851
2848 8 3850 3852
2849 8 3853 3854
2850 8 3853 3855
2851 8 3856 3857
2852 8 3856 3858
2853 8 3859 3860
2854 8 3859 3861
2855 8 3862 3863
2856 8 3862 3864
2857 8 3865 3866
2858 8 3865 3867
2859 8 3868 3869
2860 8 3868 3870
2861 8 3871 3872
2862 8 3871 3873
2863 8 3874 3875
2864 8 3874 3876
2865 8 3877 3878
2866 8 3877 3879
2867 8 3880 3881
2868 8 3880 3882
2869 8 3883 3884
2870 8 3883 3885
2871 8 3886 3887
2872 8 3886 3888
2873 8 3889 3890
2874 8 3889 3891
2875 8 3892 3893
2876 8 3892 3894
2877 8 3895 3896
2878 8 3895 3897
2879 8 3898 3899
2880 8 3898 3900
2881 8 3901 3902
2882 8 3901 3903
2883 8 3904 3905
2884 8 3904 3906
2885 8 3907 3908
2886 8 3907 3909
2887 8 3910 3911
2888 8 3910 3912
2889 8 3913 3914
2890 8 3913 3915
2891 8 3916 3917
2892 8 3916 3918
2893 8 3919 3920
2894 8 3919 3921
2895 8 3922 3923
2896 8 3922 3924
2897 8 3925 3926
2898 8 3925 3927
2899 8 3928 3929
2900 8 3928 3930
2901 8 3931 3932
2902 8 3931 3933
2903 8 3934 3935
2904 8 3934 3936
2905 8 3937 3938
2906 8 3937 3939
2907 8 3940 3941
2908 8 3940 3942
2909 8 3943 3944
2910 8 3943 3945
2911 8 3946 3947
2912 8 3946 3948
2913 8 3949 3950
2914 8 3949 3951
2915 8 3952 3953
2916 8 3952 3954
2917 8 3955 3956
2918 8 3955 3957
2919 8 3958 3959
2920 8 3958 3960
2921 8 3961 3962
2922 8 3961 3963
2923 8 3964 3965
2924 8 3964 3966
2925 8 3967 3968
2926 8 3967 3969
2927 8 3970 3971
2928 8 3970 3972
2929 8 3973 3974
2930 8 3973 3975
2931 8 3976 3977
2932 8 3976 3978
2933 8 3979 3980
2934 8 3979 3981
2935 8 3982 3983
2936 8 3982 3984
2937 8 3985 3986
2938 8 3985 3987
2939 8 3988 3989
2940 8 3988 3990
2941 8 3991 3992
2942 8 3991 3993
2943 8 3994 3995
2944 8 3994 3996
2945 8 3997 3998
2946 8 3997 3999
2947 8 4000 4001
2948 8 4000 4002
2949 8 4003 4004
2950 8 4003 4005
2951 8 4006 4007
2952 8 4006 4008
2953 8 4009 4010
2954 8 4009 4011
2955 8 4012 4013
2956 8 4012 4014
2957 8 4015 4016
2958 8 4015 4017
2959 8 4018 4019
2960 8 4018 4020
2961 8 4021 4022
2962 8 4021 4023
2963 8 4024 4025
2964 8 4024 4026
2965 8 4027 4028
2966 8 4027 4029
2967 8 4030 4031
2968 8 4030 4032
2969 8 4033 4034
2970 8 4033 4035
2971 8 4036 4037
2972 8 4036 4038
2973 8 4039 4040
2974 8 4039 4041
2975 8 4042 4043
2976 8 4042 4044
2977 8 4045 4046
2978 8 4045 4047
2979 8 4048 4049
2980 8 4048 4050
2981 8 4051 4052
2982 8 4051 4053
2983 8 4054 4055
2984 8 4054 4056
2985 8 4057 4058
2986 8 4057 4059
2987 8 4060 4061
2988 8 4060 4062
2989 8 4063 4064
2990 8 4063 4065
2991 8 4066 4067
2992 8 4066 4068
2993 8 4069 4070
2994 8 4069 4071
2995 8 4072 4073
2996 8 4072 4074
2997 8 4075 4076
2998 8 4075 4077
2999 8 4078 4079
3000 8 4078 4080
3001 8 4081 4082
3002 8 4081 4083
3003 8 4084 4085
3004 8 4084 4086
3005 8 4087 4088
3006 8 4087 4089
3007 8 4090 4091
3008 8 4090 4092
3009 8 4093 4094
3010 8 4093 4095
3011 8 4096 4097
3012 8 4096 4098
3013 8 4099 4100
3014 8 4099 4101
3015 8 4102 4103
3016 8 4102 4104
3017 8 4105 4106
3018 8 4105 4107
3019 8 4108 4109
3020 8 4108 4110
3021 8 4111 4112
3022 8 4111 4113
3023 8 4114 4115
3024 8 4114 4116
3025 8 4117 4118
3026 8 4117 4119
3027 8 4120 4121
3028 8 4120 4122
3029 8 4123 4124
3030 8 4123 4125
3031 8 4126 4127
3032 8 4126 4128
3033 8 4129 4130
3034 8 4129 4131
3035 8 4132 4133
3036 8 4132 4134
3037 8 4135 4136
3038 8 4135 4137
3039 8 4138 4139
3040 8 4138 4140
3041 8 4141 4142
3042 8 4141 4143
3043 8 4144 4145
3044 8 4144 4146
3045 8 4147 4148
3046 8 4147 4149
3047 8 4150 4151
3048 8 4150 4152
3049 8 4153 4154
3050 8 4153 4155
3051 8 4156 4157
3052 8 4156 4158
3053 8 4159 4160
3054 8 4159 4161
3055 8 4162 4163
3056 8 4162 4164
3057 8 4165 4166
3058 8 4165 4167
3059 8 4168 4169
3060 8 4168 4170
3061 8 4171 4172
3062 8 4171 4173
3063 8 4174 4175
3064 8 4174 4176
3065 8 4177 4178
3066 8 4177 4179
3067 8 4180 4181
3068 8 4180 4182
3069 8 4183 4184
3070 8 4183 4185
3071 8 4186 4187
3072 8 4186 4188
3073 8 4189 4190
3074 8 4189 4191
3075 8 4192 4193
3076 8 4192 4194
3077 8 4195 4196
3078 8 4195 4197
3079 8 4198 4199
3080 8 4198 4200
3081 8 4201 4202
3082 8 4201 4203
3083 8 4204 4205
3084 8 4204 4206
3085 8 4207 4208
3086 8 4207 4209
3087 8 4210 4211
3088 8 4210 4212
3089 8 4213 4214
3090 8 4213 4215
3091 8 4216 4217
3092 8 4216 4218
3093 8 4219 4220
3094 8 4219 4221
3095 8 4222 4223
3096 8 4222 4224
3097 8 4225 4226
3098 8 4225 4227
3099 8 4228 4229
3100 8 4228 4230
3101 8 4231 4232
3102 8 4231 4233
3103 8 4234 4235
3104 8 4234 4236
3105 8 4237 4238
3106 8 4237 4239
3107 8 4240 4241
3108 8 4240 4242
3109 8 4243 4244
3110 8 4243 4245
3111 8 4246 4247
3112 8 4246 4248
3113 8 4249 4250
3114 8 4249 4251
3115 8 4252 4253
3116 8 4252 4254
3117 8 4255 4256
3118 8 4255 4257
3119 8 4258 4259
3120 8 4258 4260
3121 8 4261 4262
3122 8 4261 4263
3123 8 4264 4265
3124 8 4264 4266
3125 8 4267 4268
3126 8 4267 4269
3127 8 4270 4271
3128 8 4270 4272
3129 8 4273 4274
3130 8 4273 4275
3131 8 4276 4277
3132 8 4276 4278
3133 8 4279 4280
3134 8 4279 4281
3135 8 4282 4283
3136 8 4282 4284
3137 8 4285 4286
3138 8 4285 4287
3139 8 4288 4289
3140 8 4288 4290
3141 8 4291 4292
3142 8 4291 4293
3143 8 4294 4295
3144 8 4294 4296
3145 8 4297 4298
3146 8 4297 4299
3147 8 4300 4301
3148 8 4300 4302
3149 8 4303 4304
3150 8 4303 4305
3151 8 4306 4307
3152 8 4306 4308
3153 8 4309 4310
3154 8 4309 4311
3155 8 4312 4313
3156 8 4312 4314
3157 8 4315 4316
3158 8 4315 4317
3159 8 4318 4319
3160 8 4318 4320
3161 8 4321 4322
3162 8 4321 4323
3163 8 4324 4325
3164 8 4324 4326
3165 8 4327 4328
3166 8 4327 4329
3167 8 4330 4331
3168 8 4330 4332
3169 8 4333 4334
3170 8 4333 4335
3171 8 4336 4337
3172 8 4336 4338
3173 8 4339 4340
3174 8 4339 4341
3175 8 4342 4343
3176 8 4342 4344
3177 8 4345 4346
3178 8 4345 4347
3179 8 4348 4349
3180 8 4348 4350
3181 8 4351 4352
3182 8 4351 4353
3183 8 4354 4355
3184 8 4354 4356
3185 8 4357 4358
3186 8 4357 4359
3187 8 4360 4361
3188 8 4360 4362
3189 8 4363 4364
3190 8 4363 4365
3191 8 4366 4367
3192 8 4366 4368
3193 8 4369 4370
3194 8 4369 4371
3195 8 4372 4373
3196 8 4372 4374
3197 8 4375 4376
3198 8 4375 4377
3199 8 4378 4379
3200 8 4378 4380
3201 8 4381 4382
3202 8 4381 4383
3203 8 4384 4385
3204 8 4384 4386
3205 8 4387 4388
3206 8 4387 4389
3207 8 4390 4391
3208 8 4390 4392
3209 8 4393 4394
3210 8 4393 4395
3211 8 4396 4397
3212 8 4396 4398
3213 8 4399 4400
3214 8 4399 4401
3215 8 4402 4403
3216 8 4402 4404
3217 8 4405 4406
3218 8 4405 4407
3219 8 4408 4409
3220 8 4408 4410
3221 8 4411 4412
3222 8 4411 4413
3223 8 4414 4415
3224 8 4414 4416
3225 8 4417 4418
3226 8 4417 4419
3227 8 4420 4421
3228 8 4420 4422
3229 8 4423 4424
3230 8 4423 4425
3231 8 4426 4427
3232 8 4426 4428
3233 8 4429 4430
3234 8 4429 4431
3235 8 4432 4433
3236 8 4432 4434
3237 8 4435 4436
3238 8 4435 4437
3239 8 4438 4439
3240 8 4438 4440
3241 8 4441 4442
3242 8 4441 4443
3243 8 4444 4445
3244 8 4444 4446
3245 8 4447 4448
3246 8 4447 4449
3247 8 4450 4451
3248 8 4450 4452
3249 8 4453 4454
3250 8 4453 4455
3251 8 4456 4457
3252 8 4456 4458
3253 8 4459 4460
3254 8 4459 4461
3255 8 4462 4463
3256 8 4462 4464
3257 8 4465 4466
3258 8 4465 4467
3259 8 4468 4469
3260 8 4468 4470
3261 8 4471 4472
3262 8 4471 4473
3263 8 4474 4475
3264 8 4474 4476
3265 8 4477 4478
3266 8 4477 4479
3267 8 4480 4481
3268 8 4480 4482
3269 8 4483 4484
3270 8 4483 4485
3271 8 4486 4487
3272 8 4486 4488
3273 8 4489 4490
3274 8 4489 4491
3275 8 4492 4493
3276 8 4492 4494
3277 8 4495 4496
3278 8 4495 4497
3279 8 4498 4499
3280 8 4498 4500
