Step Avg_Vx Avg_Vy Avg_Vz
5000 -0.0079036474632400901402 -8.6697103792927201842e-05 6.653432957682340308e-05
10000 -0.0090420800663989497892 -3.8802551290482196632e-05 -1.6547269884396399107e-05
15000 -0.009298886381207429469 -4.1133467401794901388e-05 -2.5624650653341999814e-05
20000 -0.0092977074040813904171 -1.8240676791625598941e-05 -3.4912843582667702977e-05
25000 -0.0094193218819486595333 -3.344856288708670226e-05 -2.4979481096925900514e-05
30000 -0.0095119025325328000059 -2.9764846440371300212e-05 -2.6377972469638600678e-05
35000 -0.0095251945560854405642 -3.2867610448353001818e-05 -2.5481180652810401089e-05
40000 -0.0095472185668047607893 -2.9076254267000901233e-05 -2.05340490704634013e-05
45000 -0.0095742538708750192511 -2.2602355061339800968e-05 -1.5334642195401100979e-05
50000 -0.009613409465402870599 -1.6568755859749198679e-05 -1.3683789620122899613e-05
55000 -0.0096345698050331104317 -5.9578879216751401814e-06 -1.0943562222888099749e-05
60000 -0.0096394276465920497587 -4.5819380187136097695e-06 -5.1551012030742900976e-06
65000 -0.0096425371381454894754 -7.2626253686671996435e-06 5.9898505743736301399e-06
70000 -0.0096506187242691703759 -5.0369140354870797207e-06 -3.2441909866504199951e-06
75000 -0.0096492146418938103819 -4.0367020075948704017e-06 -3.3782557610758300412e-06
80000 -0.0096466225441803905155 9.8902514950627608078e-07 -1.3382938053021400802e-06
85000 -0.0096538473525336898629 -5.097001465788220261e-06 -3.6772973888981198148e-06
90000 -0.009645448054639989624 2.5288130807148998835e-06 -1.6417420690708099659e-06
95000 -0.0096491340049765297882 -6.585256655182049691e-06 -5.7300247810599997764e-06
100000 -0.0096504367976987300709 -3.8255675949976898577e-06 2.8500953671189901956e-06
105000 -0.0096493450390023900037 -1.0354725437650899917e-05 -5.6012981787841602439e-06
110000 -0.0096524058655980803784 -3.6738603376817701506e-06 9.6724973514531392894e-07
115000 -0.0096533949766215900595 -1.1419767115564800459e-06 -1.5064036238153199942e-05
120000 -0.0096594767146543896591 5.3324299864159500412e-06 4.547698617410100376e-06
125000 -0.0096473364934175406121 -9.1067117572184292214e-06 -3.5194663038552701158e-06
130000 -0.0096600425079063894501 3.6991806560653200164e-06 2.6298052844972298407e-06
135000 -0.009649042153518269313 -8.1528243983688598618e-06 -5.9663990762825598084e-06
140000 -0.0096611086970163802257 -6.0174579465305298807e-06 -4.1219392498099403672e-06
145000 -0.0096600990185232195329 -1.5592100571622300949e-06 -6.4371681554488802006e-07
150000 -0.0096660036248665207742 4.5322649315442800263e-07 -2.8880918796429799664e-06
155000 -0.0096535331815183304804 4.3857705443704402097e-07 2.407445617882429829e-06
160000 -0.0096539109242938792033 2.071026534284960158e-06 -1.4411576458502900561e-05
165000 -0.0096611535504742794556 -8.9330503460630600679e-07 5.5922467647395895961e-06
170000 -0.0096622115930026196418 -9.7799961682424191707e-07 -3.0415047559613201461e-06
175000 -0.0096617181686745792074 -2.972857524761289944e-06 -1.9367753625076298295e-06
180000 -0.0096614485833726101993 -3.4241353411650301243e-06 -4.5870579155351998873e-06
185000 -0.0096610159345889498606 4.0917159053645497747e-07 3.025378518239899795e-08
190000 -0.0096576261633441098237 2.1486927928591399817e-06 -8.7258275249431998356e-06
195000 -0.0096567592315786304064 -2.4489977314381401804e-06 2.1665243142218000563e-06
200000 -0.0096523691173097600493 -5.1720693070023197497e-06 -6.1655322625282800696e-06
205000 -0.0096659767487609696279 -2.4648291735505201112e-06 -3.3011612415641601038e-06
210000 -0.0096538630617828899427 -2.5398813829158798252e-06 -1.7490092978673300869e-07
215000 -0.0096604033811433093204 1.7419197427575601031e-07 -8.0004940774327896855e-07
220000 -0.009661383707316999192 -4.7609160748062102908e-06 -2.866782863730009848e-06
225000 -0.0096647321388474601023 1.4003456534468800477e-06 -1.8749647604404799602e-07
230000 -0.0096628070345481792414 3.3721645846001598419e-07 -1.6009846309742599894e-06
235000 -0.0096578414280543301712 -5.6219209277849103989e-06 -2.2734845939421998897e-06
240000 -0.0096581472747350807784 -3.2046930548079800689e-06 1.1201222979004599425e-06
245000 -0.0096603695320161900306 -1.1984610877394900693e-06 9.6778467761117500817e-07
250000 -0.0096637720586931104283 -3.1447962923688197896e-06 1.1241324509003301016e-06
255000 -0.0096647978080572991694 -1.9755024744620901975e-06 2.9997831198171398015e-06
260000 -0.0096597502517452599885 1.6269006949695499295e-06 -1.438728087585070024e-06
265000 -0.009656553427459359587 9.5820559506390700545e-07 -3.1233698275191100213e-07
270000 -0.0096674508407899005513 5.8254884610233001062e-06 -3.2843823648730900416e-06
275000 -0.0096607255074251194987 1.8454473074959698949e-06 -2.8742241158988398805e-06
280000 -0.0096608661132401903865 1.3549851208122300227e-06 -2.7768856506008799605e-06
285000 -0.0096653190652959599521 4.0088859895190098647e-06 -3.2571307518082299127e-06
290000 -0.0096634286012361805818 -3.1119761905367298854e-06 1.9587478096579598738e-07
295000 -0.0096617384782930106762 -2.42705240929523002e-06 2.219645127923109852e-06
300000 -0.0096656360914178993116 4.2510294489822496132e-06 3.4095932324958399035e-06
305000 -0.0096645944789832804317 4.2218630244406103312e-06 -3.2844342860140500725e-06
310000 -0.0096590388271357505157 9.3334457784690795524e-07 1.1254084837023999737e-06
315000 -0.0096598559278775406045 -3.8559950344083499224e-06 4.8459726097815597519e-06
320000 -0.0096623203735925304592 3.7554962434026797895e-06 6.8279028294616400305e-06
325000 -0.0096612245346353702036 1.0143015578229499015e-06 4.5150987694655097854e-07
330000 -0.0096600263195938396166 3.5832090412056400428e-06 9.1323237084033503432e-07
335000 -0.0096559153420655591954 -1.8379346770560299253e-07 1.0411525728733000626e-06
340000 -0.0096658090934941508221 -7.8298099304893201361e-06 2.9636353299186301315e-06
345000 -0.0096636164439299794549 -4.2577351541260700067e-06 1.7139825747985099428e-06
350000 -0.0096626506160317898741 6.3913174038600201149e-07 4.3832308556207798923e-06
355000 -0.0096624207153409892579 -4.6635601953008900755e-06 8.76904568648085949e-07
360000 -0.0096629557582828800449 -3.2458702863518300826e-06 1.9808378836759399597e-06
365000 -0.0096629014366218998755 2.6379436615545502088e-07 8.4935206580688403277e-06
370000 -0.0096633911826470506035 -3.7420864112827900728e-06 7.4886064608893000003e-07
375000 -0.0096619501343118505826 5.3763325105032299704e-06 9.5257343736346002413e-07
380000 -0.0096613314001602994263 -2.4189746466113199633e-06 -4.2808188971086904168e-06
385000 -0.009657590669063189151 -2.8112088189444098519e-06 -2.9084998051689498387e-06
390000 -0.009662749755184359482 8.0905916802781404015e-07 3.6219425101445100067e-06
395000 -0.0096627787755034395822 1.9941505965231498266e-06 5.0775320428078501175e-06
400000 -0.0096609368167773195663 -7.0563423271862396869e-07 2.2447108925355001527e-06
405000 -0.0096639759460538394303 5.1434082615008598613e-06 3.1433066608554101641e-06
410000 -0.0096670487457907097045 -1.065210615989640104e-06 3.0759781060038601982e-06
415000 -0.0096653517674467597648 -1.0118449564006000152e-06 6.7620655466893604939e-07
420000 -0.0096612377525764608216 6.550982001870039924e-06 1.0100586881601200761e-06
425000 -0.0096641073892921505045 8.4272364743032694885e-07 5.9023998581937898428e-06
430000 -0.0096613022409407500746 -2.079623184176939881e-06 7.305897295848320267e-06
435000 -0.0096583318078087895125 -3.0033969719078799142e-07 -1.258602054477369922e-06
440000 -0.0096622387177960501053 1.2477469330313400382e-06 -6.68277042445127974e-06
445000 -0.0096572280589215294538 3.6066856729449701077e-06 -5.2078281669653899515e-06
450000 -0.0096564518831261103582 7.2284743374250103129e-07 -3.961933435417500397e-06
455000 -0.0096619536677311403799 4.0835439471358804108e-06 2.778609582536640043e-06
460000 -0.0096614698862319391831 -3.1742581246776602068e-06 4.5925414123250601714e-07
465000 -0.0096586139255689408556 8.1874397183561000966e-07 1.4099257012294800678e-06
470000 -0.0096655605315773291536 1.3403949282602700732e-06 3.6869063423881000572e-07
475000 -0.0096586945823066306521 -4.5272137190872400949e-06 3.3708959779593401e-06
480000 -0.0096617404863650908214 2.5231365900783801855e-06 -9.1667824780413900738e-07
485000 -0.0096591180586927498364 5.2892991708857699563e-06 -3.8466187211029502729e-06
490000 -0.0096615910469402491861 -5.0397002218625896184e-06 5.5488701663004797726e-06
495000 -0.0096600349944586400702 -8.3525635490566799444e-07 -1.6573145074668000684e-06
500000 -0.0096641361607187597355 2.0203846683559698667e-06 -6.8050247782081703697e-07
505000 -0.0096606022365760997606 5.5515461807101900473e-06 6.9498620131905702367e-07
510000 -0.0096541764153546000965 2.1288686233112700615e-06 2.623459455721179994e-07
515000 -0.0096653677832361107464 -1.3994027863707899883e-06 3.0276471729575398776e-06
520000 -0.0096588253211681504573 -2.378228077323160057e-07 1.961929111973739809e-06
525000 -0.0096703968489758804217 -3.7584339441957499285e-06 -1.3262955490660799637e-06
530000 -0.0096596369998747794172 3.7003947012410401822e-07 -4.9954695793501902528e-06
535000 -0.0096649906256770206497 -2.4668704321488697911e-07 2.56175191223077013e-06
540000 -0.0096633011851841605494 7.445515063414450065e-06 -1.2504978468889599688e-06
545000 -0.0096629707962831608292 -2.6478052968792198023e-06 9.5812209360508096778e-06
550000 -0.0096643556996911291618 3.3144257277030401237e-06 2.0773760209043199554e-06
555000 -0.0096639520869488803462 6.0350706564157497104e-07 8.9033992815548101777e-07
560000 -0.0096587158984147297724 1.3196349376626999769e-06 -2.5485593815657900335e-06
565000 -0.0096650474319621704211 2.9047264978274501704e-06 4.8683704502342296058e-07
570000 -0.0096593587815665699764 3.4588368365108498371e-06 -3.4283860033965099029e-06
575000 -0.0096635612792154400308 -4.5819127758594698125e-07 -1.0219227065988200044e-06
580000 -0.0096646817331926693911 -1.9944320259466401436e-06 -2.1807809325395801206e-06
585000 -0.0096656697647191994194 2.6393924280492801041e-06 1.1853909679528500894e-06
590000 -0.009655986970549460327 -5.7861758937667497676e-06 8.1665288867847104208e-06
595000 -0.0096590969377676593605 -7.1899216493342896488e-06 1.2998972019851800812e-08
600000 -0.0096610541462716897215 -4.4416737956497997274e-06 -3.0402392874341101287e-07
605000 -0.0096636470940958205805 2.9411143632337698714e-06 2.0226335215928399093e-06
610000 -0.0096582689842176997624 -2.1042080388805702078e-06 -7.4102025923188400233e-06
615000 -0.0096659390574356102155 3.5919367996901201439e-06 -8.9145725290324094266e-08
620000 -0.0096580375304547005227 3.0568173259690499055e-06 3.6492739051681000846e-06
625000 -0.0096622873285773305807 -2.6166243968565201919e-06 -4.3946781160669904167e-06
630000 -0.0096664689498374405802 -3.9115133838536403341e-06 -1.3340117342192799513e-06
635000 -0.0096598577075655400054 -9.8877565933468004833e-08 -1.9984147023526401141e-06
640000 -0.0096622214584837599893 7.3022045573660197255e-07 1.0830486598692199757e-06
645000 -0.0096552447016934796892 -8.8651452617252395733e-07 1.7361267513686199927e-06
650000 -0.0096660242336907599425 6.0525566460133398605e-06 1.8973258961512201025e-06
655000 -0.0096666909420240806211 9.2113353908406904252e-07 -3.6036857426965800538e-06
660000 -0.0096618068498807406497 5.887724311616720418e-07 1.3015263222900699606e-06
665000 -0.0096673700112514700244 5.2007131403899699942e-07 2.1894801055321599891e-06
670000 -0.0096626556161129497496 6.8822152037696498474e-07 -4.154045585710439603e-06
675000 -0.0096666045652711394404 8.9345849230798995802e-07 -4.8536619941608996195e-06
680000 -0.0096586226214875805368 6.035273317784190017e-06 5.2032099183635297957e-06
685000 -0.0096650015224298592431 3.441217027896259711e-08 -3.4283502822457601854e-06
690000 -0.0096680955304127898925 1.7110988893791499558e-07 1.5919341050325700082e-06
695000 -0.0096641875741453695664 5.4743950766612701288e-06 9.8695966365175705827e-07
700000 -0.0096573276213241902866 4.0253353414152498609e-06 7.7010000014567298481e-07
705000 -0.0096599433653146299372 9.8625086969871497294e-08 -1.5171627556753700233e-06
710000 -0.0096544284163117295022 3.8996216957409500471e-06 -9.455719425083119557e-07
715000 -0.0096592275740930901712 4.4812021027007501193e-06 1.0258725472049900615e-06
720000 -0.0096603597806004908033 9.5718334738230400715e-06 3.6430469529146500609e-06
725000 -0.0096625914726220594325 -7.2862471474413895441e-07 -2.4716329282946600954e-06
730000 -0.0096550437365027098197 6.0962925395870799279e-06 -2.9697835871391300286e-06
735000 -0.009659598656104400119 -1.1461193165480799764e-06 2.3928001853031301376e-06
740000 -0.0096603891485851096227 -1.0673232338166200499e-06 -2.7893195325484600157e-06
745000 -0.0096572300862994998188 -5.8023717561736095208e-07 -3.2911014237193798969e-06
750000 -0.0096618321653326004472 2.3860295646296501919e-06 5.0653827350246998786e-06
755000 -0.009661395855837830865 -2.4955580834197900399e-08 -1.9212017496531799443e-06
760000 -0.0096613887295467094224 -5.2454819673724799052e-08 2.731971937897070158e-06
765000 -0.0096607281507467002157 4.2748264569530700037e-06 3.4229257389217398342e-06
770000 -0.0096604142282662296831 -4.9791250245165999283e-06 4.762499167716320284e-06
775000 -0.0096585220420852494622 2.1611941440211500842e-06 5.0387842611352299922e-07
780000 -0.0096547380079732396385 6.3912377465189798635e-06 -3.1615015008677501772e-06
785000 -0.0096612868512768405177 -1.561863777126279934e-06 1.1766548731194200646e-07
790000 -0.0096644052270388903364 -3.6665585918356500968e-06 4.1242944547821799205e-06
